srocc-split00-fold00: 0.9501141818863869
srocc-split00-fold01: 0.9539862311217856
srocc-split00-fold02: 0.9340753985602903
srocc-split00-fold03: 0.9643590108265351
srocc-split00-fold04: 0.9521652765862112
srocc-split01-fold00: 0.7851103124727415
srocc-split01-fold01: 0.7058907043089179
srocc-split01-fold02: 0.7482670961639387
srocc-split01-fold03: 0.7444017372225737
srocc-split01-fold04: 0.7274530138260447
plcc-split00-fold00: 0.958712858562153
plcc-split00-fold01: 0.9594876235973983
plcc-split00-fold02: 0.9432974931936808
plcc-split00-fold03: 0.9680504714564993
plcc-split00-fold04: 0.9549654539597747
plcc-split01-fold00: 0.8210939031085974
plcc-split01-fold01: 0.7224752744684488
plcc-split01-fold02: 0.7671858917497166
plcc-split01-fold03: 0.7767282668192502
plcc-split01-fold04: 0.7531811133688416
