srocc-split00-fold00: 0.9418904696466168
srocc-split00-fold01: 0.9367202465504997
srocc-split00-fold02: 0.9336279238583108
srocc-split00-fold03: 0.9435658531471964
srocc-split00-fold04: 0.9251721547770027
srocc-split01-fold00: 0.6858618493953835
srocc-split01-fold01: 0.6864720201044358
srocc-split01-fold02: 0.6794831126917613
srocc-split01-fold03: 0.661823940144057
srocc-split01-fold04: 0.6878182234674874
plcc-split00-fold00: 0.9496987039570468
plcc-split00-fold01: 0.9424580979644628
plcc-split00-fold02: 0.9430340292492131
plcc-split00-fold03: 0.9499330093106526
plcc-split00-fold04: 0.9291006121990134
plcc-split01-fold00: 0.7101507945978237
plcc-split01-fold01: 0.7083318478954046
plcc-split01-fold02: 0.705276634897196
plcc-split01-fold03: 0.6736513842027362
plcc-split01-fold04: 0.7129076175769682
