srocc-split00-fold00: 0.9507062278194155
srocc-split00-fold01: 0.9598403466795681
srocc-split00-fold02: 0.8991505927319999
srocc-split00-fold03: 0.9474605942142323
srocc-split00-fold04: 0.925619137285058
srocc-split01-fold00: 0.9403661959106357
srocc-split01-fold01: 0.9370563418447241
srocc-split01-fold02: 0.9295552115250985
srocc-split01-fold03: 0.9304185224883431
srocc-split01-fold04: 0.932693981186022
plcc-split00-fold00: 0.9562372885467083
plcc-split00-fold01: 0.9623686520354607
plcc-split00-fold02: 0.9166796177440135
plcc-split00-fold03: 0.9564436087040474
plcc-split00-fold04: 0.9407522620984325
plcc-split01-fold00: 0.9501586002387318
plcc-split01-fold01: 0.9493783188111257
plcc-split01-fold02: 0.9447540611054449
plcc-split01-fold03: 0.9454043361839877
plcc-split01-fold04: 0.9452546834004583
