srocc-split00-fold00: 0.954252649264854
srocc-split00-fold01: 0.961577217632976
srocc-split00-fold02: 0.924445317415776
srocc-split00-fold03: 0.9564481892095905
srocc-split00-fold04: 0.9361674657093927
srocc-split01-fold00: 0.6923696425095611
srocc-split01-fold01: 0.6791172491568016
srocc-split01-fold02: 0.6912807464067275
srocc-split01-fold03: 0.6435970138349797
srocc-split01-fold04: 0.6762229799822469
plcc-split00-fold00: 0.9602163955285272
plcc-split00-fold01: 0.966693004472402
plcc-split00-fold02: 0.9374502431517676
plcc-split00-fold03: 0.9617455462044971
plcc-split00-fold04: 0.9468620962340915
plcc-split01-fold00: 0.7144886382938174
plcc-split01-fold01: 0.6989838893572969
plcc-split01-fold02: 0.718122457911829
plcc-split01-fold03: 0.6646501966503355
plcc-split01-fold04: 0.6868803844697698
