srocc-split00-fold00: 0.9380124731778677
srocc-split00-fold01: 0.9442603775904812
srocc-split00-fold02: 0.9188223124014491
srocc-split00-fold03: 0.9345199211947341
srocc-split00-fold04: 0.9251764953284104
srocc-split01-fold00: 0.8929015374858899
srocc-split01-fold01: 0.890335715858297
srocc-split01-fold02: 0.902461680702956
srocc-split01-fold03: 0.9083733010660584
srocc-split01-fold04: 0.9040616073913954
plcc-split00-fold00: 0.9464729013782531
plcc-split00-fold01: 0.9523307900690917
plcc-split00-fold02: 0.928914390169799
plcc-split00-fold03: 0.9400823925165102
plcc-split00-fold04: 0.9318812742376698
plcc-split01-fold00: 0.9103161527649588
plcc-split01-fold01: 0.9156463572912683
plcc-split01-fold02: 0.9258645318517051
plcc-split01-fold03: 0.932303342300478
plcc-split01-fold04: 0.9230846916941716
