srocc-split00-fold0: -0.19047619047619052
srocc-split00-fold1: 0.11904761904761905
srocc-split00-fold2: -0.14285714285714288
srocc-split00-fold3: -0.4285714285714286
srocc-split00-fold4: -0.6904761904761906
srocc-split01-fold0: 0.023809523809523815
plcc-split00-fold0: 0.11909512999461563
plcc-split00-fold1: 0.23215001445490854
plcc-split00-fold2: -0.18633108248821262
plcc-split00-fold3: -0.3021719441523852
plcc-split00-fold4: -0.6677443457824753
plcc-split01-fold0: -0.00479676385441867
