srocc-split00-fold00: -0.19047619047619052
srocc-split00-fold01: 0.11904761904761905
srocc-split00-fold02: -0.14285714285714288
plcc-split00-fold00: 0.11909512999461563
plcc-split00-fold01: 0.23215001445490854
plcc-split00-fold02: -0.18633108248821262
